3490
3311
1395
1763
3419
2096
3234
557
1751
3893
612
3
2209
643
2542
2428
3504
3815
1880
3999
3797
564
579
2960
2136
570
624
1239
2095
3282
2124
1038
915
1751
1070
1430
1326
3511
38
2533
1962
1031
1380
112
21
1758
1440
3460
1234
743
3217
3638
3355
1502
272
3037
1446
2716
3964
2442
1557
701
1007
3373
2698
2577
179
2471
2848
1395
1056
1382
2964
855
110
1207
1974
1274
548
2989
2153
1481
2102
983
3754
943
3098
3125
3738
1130
3121
202
667
3820
1259
1805
358
2135
834
1140
2282
3748
3762
2427
2200
3385
3030
316
465
1359
2332
145
1358
2401
3048
600
3297
3274
870
3493
1123
1500
2201
1339
3017
3611
1235
658
2694
396
1716
1671
3396
2390
1310
2745
3267
3557
2776
3688
705
2501
3880
2582
3851
162
3779
1331
3838
3691
3641
998
913
644
353
726
158
1216
3339
1593
514
2706
6
2639
725
37
3420
3042
415
2018
2093
3682
2234
2874
2449
229
3954
1435
3714
3363
1766
3996
2549
251
2930
1684
1220
603
439
2712
2606
2336
1100
2019
497
2070
3968
2899
2607
1423
1007
2185
141
3996
3547
2680
272
1829
1035
3808
276
1027
2455
207
1471
3674
2910
553
2181
2802
1933
711
163
3719
333
2048
3446
3613
2704
58
1700
2223
3745
3651
504
1169
1944
1160
2285
3642
1205
3837
1901
2812
2095
317
617
99
2646
3626
3345
1428
1176
3334
2947
808
1039
1358
3679
3977
1258
3434
590
1677
1854
948
3113
1993
3253
3227
196
1403
2996
2221
15
2380
937
2577
3075
3741
2271
2651
3477
3018
2937
3668
1221
686
1573
920
1861
3912
2145
1014
3564
299
125
2782
3804
863
2325
926
3957
3231
1633
3300
1436
3115
2928
1791
1468
230
1480
1894
1361
1875
3391
1605
75
1599
1929
850
458
956
3342
3570
3001
1523
501
1573
2636
2501
238
2647
409
3749
121
2291
3724
849
512
1489
2200
20
2167
2253
1276
439
2416
3468
2118
2128
1813
698
2664
1918
1025
3687
1266
2673
1121
3012
2916
2859
2112
890
2994
545
3386
3892
2731
734
2509
1300
2927
1477
118
440
2351
142
1776
1346
2386
2436
564
3166
2793
3009
241
1236
2778
3865
2958
3011
435
3234
3594
2169
55
2472
3886
3832
3587
839
3889
3263
1400
1531
2538
2258
2191
2365
3740
1972
1010
1707
1210
364
1521
478
934
3823
2787
906
2637
573
3892
582
1308
2843
264
860
1009
1210
896
939
806
3606
1449
2405
20
2158
3970
1029
1931
2631
2848
1371
731
3927
3252
1733
535
2060
3146
1909
3346
1061
2507
2026
3575
2349
2228
1085
530
2513
184
3051
1217
1464
2163
3485
3238
3073
2270
2145
1334
3566
1798
1840
3956
532
3756
3672
3901
3073
3464
3811
1582
1689
2143
2292
351
2645
491
728
3648
3812
3645
3737
2671
3193
2964
802
3368
1580
354
1884
1268
3581
3237
3736
2977
1354
2580
1588
2597
2879
1695
70
503
1720
968
3182
519
255
1289
2350
1960
3938
2233
1362
3644
3464
3289
411
2206
822
438
1144
561
3437
2710
2832
73
1551
3716
155
854
169
1520
2578
2934
2758
1335
3515
422
2856
121
965
185
689
3263
3014
3983
2631
295
3967
3044
3302
427
2484
3407
17
1277
2079
3427
2850
1672
3747
3491
999
2207
2266
120
1724
465
950
1394
1796
2998
2579
774
2691
1229
1074
2536
3757
723
3063
3502
1010
493
3422
3655
1596
706
2662
677
3490
748
345
1990
380
1152
2805
3840
3959
3514
982
2690
325
594
3641
2054
1965
2169
2584
777
136
2114
718
2270
604
3155
1936
3070
499
1388
2463
3753
712
3686
517
2366
3707
3006
3923
1327
1474
3477
2568
3045
2417
215
812
2837
217
3956
3963
1257
3275
1416
2231
1752
1286
2930
3832
3024
3329
1949
2213
89
361
2544
1245
3738
1924
1303
2047
3942
1413
662
1306
1126
2208
3044
153
2735
2359
3094
545
2005
945
2655
3307
42
3669
1901
998
1526
192
3215
3874
2694
319
84
1640
614
3212
596
619
572
2542
4
1230
129
2751
3395
2163
3115
2760
349
2027
1775
1808
713
578
669
999
344
1414
2398
3867
2709
523
1949
2988
2482
3496
360
3152
3658
298
1874
777
3067
3656
3253
3816
1101
1919
1106
250
3406
2663
1008
2018
865
2792
1537
2922
3505
1021
209
522
1352
2116
803
1250
651
914
3818
2740
1505
3789
3516
3512
2991
969
1277
3205
3890
2759
2152
3712
3999
3292
1316
1572
3782
2635
1346
2889
3175
2121
315
1766
1615
2078
167
1101
1426
882
375
2904
1983
3931
3254
1587
2402
2908
1875
1963
3545
2417
1478
275
1500
3343
2847
2644
3866
1254
476
13
2146
639
57
3143
2390
2165
2877
3206
464
255
1515
1162
3321
794
679
1738
254
1431
3249
3740
1073
3631
1981
456
3274
2721
2370
1415
2835
1822
1674
1378
2611
2413
2023
1583
1825
817
2782
2152
481
3734
3749
2466
871
146
489
974
3121
3801
2880
2745
3444
227
3777
3632
2919
2042
1027
1171
2982
3358
486
2054
2189
3818
423
2195
1491
170
3772
3902
2929
1940
3556
3254
3468
2310
3992
1151
2072
634
2827
3720
1564
3411
1003
58
864
2985
3945
2865
1126
250
2021
1213
274
1119
893
170
357
2461
2145
1568
1768
3919
2435
252
2475
1376
2930
3960
3361
1442
3329
818
675
2013
1662
1083
2394
3778
1273
414
1925
2630
2000
3643
3435
1014
973
3531
1979
2932
2046
1789
3634
1426
3752
2870
2289
2363
3637
2739
2077
1664
987
2387
2315
1431
874
3061
3841
2471
2579
1229
3380
1552
1873
2828
2215
3987
1282
2935
714
1447
1576
2125
1903
2555
92
1042
3885
2844
2798
1915
85
1347
2620
3704
51
1842
326
3718
2876
299
5
1542
3287
651
2941
382
452
3439
792
1194
2148
2740
2811
2943
2020
49
1365
2164
1139
314
1908
3677
2140
1525
27
1549
2443
1371
2897
2855
2921
537
3208
2909
3394
3678
3705
2433
892
828
735
1531
2046
2232
2532
473
3446
2632
1156
3498
3544
98
1545
2256
3079
94
3621
3457
513
2387
635
2334
1153
3370
1850
3924
426
116
1735
2356
975
2810
1225
1177
399
3331
1559
3770
2449
3229
338
1699
1187
1443
2669
869
404
1498
308
1984
2481
1407
14
2469
2851
3559
2008
770
3891
2941
1462
409
2470
1633
3758
1377
1762
3128
266
3731
3540
2109
3269
3151
1824
3612
946
416
3256
3664
493
1688
2408
2908
1767
1228
3970
1984
2478
1015
2247
611
500
824
620
3625
3328
1438
1090
1047
747
107
1341
687
1050
3833
1250
3071
2192
1976
1847
1458
2255
3379
1099
2727
3731
2304
2713
3235
1530
601
3617
3651
2538
2469
3759
3263
1659
2625
3318
450
2529
3010
3214
1882
2862
3400
320
792
1646
3258
2265
252
3156
2692
3660
1
462
13
34
999
565
1030
1160
3552
2676
1398
3845
2658
3132
2437
2610
3312
2564
3118
2294
2591
2193
1323
3845
3475
1069
2625
386
1964
2319
1981
2157
3690
3164
840
826
1420
1305
320
839
3381
1848
1028
3185
2700
159
1265
1448
2137
1284
2807
962
3709
63
1644
3539
206
3823
3972
2328
3955
576
7
534
681
808
1337
3786
2179
6
2168
187
2744
2129
2622
2321
2851
2746
2016
2715
3678
365
3012
124
909
2043
3548
2661
3069
519
1118
2335
3766
1
1677
3965
2850
471
1237
1727
580
2506
89
3148
487
3309
3748
1896
3698
2315
3146
3247
1797
3906
2203
1544
2378
1784
3646
3998
2978
3212
3959
3032
2748
802
2460
1853
3729
267
496
1851
2491
3978
3053
3624
558
258
516
3905
656
1954
1768
146
1222
1983
1112
3319
357
642
3262
3493
2829
95
1888
2827
3020
2385
3457
3520
1556
93
2813
2366
3165
349
905
2821
3384
1618
1158
1361
2566
2084
3364
2562
3409
779
370
2082
3986
2681
2493
85
1351
3628
3421
750
3726
2338
652
1476
3378
240
2289
1635
1759
3
3366
1545
836
2291
2422
45
1784
1315
283
1228
2218
1905
3168
1514
373
344
1175
361
3941
3593
3392
234
3026
3809
1973
3043
3719
1214
2266
2372
346
3610
3940
697
1263
1635
1363
279
2763
3872
1519
3887
515
3182
3469
3093
3881
277
1459
406
3991
3653
986
1520
2790
1099
2106
2939
1813
1088
1419
3861
33
1457
631
1555
2311
2365
3318
1105
877
101
2865
2357
562
3387
3494
1163
1102
972
2297
3551
3521
2755
3129
1370
2485
158
341
2857
3277
429
2310
2373
2375
2585
801
3799
3202
751
1679
2099
3083
3122
2490
627
3385
3506
740
1489
3751
830
1145
1513
529
3136
130
3927
930
2126
1291
1135
1755
665
2432
1846
135
1349
2063
1040
1344
3133
1700
61
1409
3504
3993
3183
1015
135
251
3655
1558
2858
3492
372
237
1769
3593
1800
3051
1503
329
2762
1154
1956
2936
2817
862
3014
69
2612
3680
1164
3688
855
2261
2014
2143
883
2911
403
2738
3111
3756
2165
457
2569
2704
3082
205
2047
2565
3876
544
435
2780
3405
1867
1117
2235
1534
348
2342
2342
254
2701
1497
269
1563
234
1843
453
2657
749
2802
2308
761
1985
3456
2609
3873
3577
1440
1881
1720
2815
1953
181
3419
2451
645
595
1595
1102
1447
3856
2901
3763
2528
3326
1203
2204
1134
3105
64
1494
3908
1064
92
1609
1982
3265
295
923
1343
480
1792
944
1243
908
2218
3232
2499
1830
2742
520
3549
3142
117
1137
715
2313
1697
220
762
3500
3214
3028
1143
386
1184
1441
366
3706
432
2402
2618
837
1260
1806
1821
2840
3453
3230
2530
186
1291
2219
664
877
1406
838
1289
422
2260
3787
1938
3979
1288
1678
847
3290
2084
1893
1176
1949
1461
3821
93
2480
3240
1001
1641
620
1892
2192
1472
3522
334
3839
2540
846
40
1632
126
1370
922
2581
1874
1213
2620
3576
1256
2246
2978
3082
899
1645
2326
3824
3286
1243
1066
1900
695
603
960
827
3117
2769
463
2506
970
2079
2259
1244
3228
3588
3120
2729
1625
3637
2785
3236
2950
3327
1912
2303
1701
3530
1137
3716
3157
2588
1432
1516
2845
2876
3347
3765
1167
3032
3362
3850
3480
2760
2318
687
2854
1713
2934
2523
1385
2893
2796
819
1671
3465
1063
2833
2877
3379
3267
2989
3424
2445
1339
2151
1977
1366
2613
304
1650
879
2662
2297
3650
379
1420
390
3579
870
3428
3685
3459
1577
55
3981
3971
2097
256
1469
1130
1202
680
1970
1990
3904
1752
1782
2234
2702
3596
2482
1820
3350
262
1696
3825
1523
492
2159
477
3784
3163
3652
390
1425
2337
2184
759
1466
1992
308
1980
2241
3778
2371
1279
3088
2857
441
2231
3260
1847
1491
949
1446
2617
3311
1701
3247
1161
1610
1084
2476
2045
3987
654
1141
3568
2727
1802
3323
502
3398
716
1584
2974
3072
1870
279
2733
2214
1461
3431
3694
2822
1007
608
1610
3746
3822
3785
3925
3170
964
2665
127
750
1536
2124
2511
446
1318
857
497
2944
495
3613
1076
3388
3835
809
2589
1356
1714
3198
2040
763
2420
3131
445
3828
2358
2251
912
3186
1295
2799
2699
1754
2962
190
1712
1761
1667
2586
28
3604
163
3230
1237
1441
399
2592
1728
2078
2377
3499
1470
2502
1633
3909
1951
716
3174
3428
834
1931
1018
1512
2176
1386
328
2171
676
3915
87
3482
3178
3239
2473
2447
3416
1018
1829
3180
679
875
1009
1525
2855
3713
2830
3671
2836
854
1930
3538
2935
3000
2126
2229
907
3849
1499
2277
1390
3066
1685
507
1660
466
2817
2415
2676
333
3004
1857
363
1794
892
2523
1553
335
474
3376
1603
2110
2140
958
3535
1926
2560
3603
3830
3858
2915
3726
1478
2789
387
1499
1657
1085
219
100
1167
719
1322
3813
3869
440
2161
2725
1525
3167
368
3294
3172
3482
1797
1793
1375
103
76
1013
3199
1234
2554
3474
2970
2205
2803
430
3275
2447
2714
330
3847
506
41
1189
872
1756
2444
2119
1315
2768
368
3466
1817
2071
337
2743
2038
897
3284
2090
2113
626
3881
2494
3074
53
3669
263
2604
1055
2116
3809
3732
532
739
3324
3910
955
617
3225
3905
147
1405
1078
991
3114
2799
3529
3016
1636
3766
423
2172
2467
1871
1418
1964
2904
2232
2772
3281
2571
1966
2453
406
1280
3332
1661
201
501
554
2036
1231
994
2263
2831
3430
1280
472
1594
2560
1851
3600
2233
1729
1584
2495
541
247
3002
988
3401
1148
3911
3735
1157
1220
3159
1538
3852
1208
613
2569
548
1059
718
3061
1707
681
3629
1142
3251
1672
2408
1757
264
2519
1746
2569
2253
152
3050
3802
830
663
2622
3170
3348
1877
108
321
372
2034
2344
3387
1203
218
1161
3380
1786
948
1294
3448
1147
2070
2858
248
3744
2868
1548
1815
2842
2685
3638
1525
3449
3978
168
3190
1397
1733
1324
3536
32
3154
3516
23
151
2608
3995
3041
2924
3827
904
1663
77
3359
1200
3703
1362
1476
3008
1946
2167
756
2356
2397
1382
2541
3735
2747
3085
2477
3779
3005
1920
36
110
1271
846
1681
2161
1596
1742
408
1384
2001
3222
1567
2181
410
2797
2666
757
1882
1646
1036
1622
2948
2903
734
3015
941
1012
2679
3952
2142
2178
2248
1604
159
2711
2804
580
2925
593
1033
1001
1609
154
3677
2486
2243
589
1780
729
96
2803
117
917
2245
3124
2788
1999
134
478
378
996
359
83
245
2419
3948
2149
3647
3971
3666
2263
2870
1803
2495
1004
3518
1914
989
2970
602
1592
643
3899
1532
1902
3442
133
3561
3336
3605
1572
3526
277
1994
502
1638
3095
39
102
2665
1975
657
1452
3407
3471
3065
3981
1758
3131
237
871
3728
175
2131
1627
1020
411
3926
2199
2983
2406
2006
1665
1819
3215
1587
455
3049
3010
1244
3509
2545
1219
2306
2489
2744
782
319
2238
1296
1642
2943
1640
3974
3843
2568
3980
1124
518
3580
3034
1742
634
1028
2180
3332
1104
1608
298
3984
2206
366
3008
2014
31
3858
2043
758
1102
1536
1680
2261
940
2451
1392
931
362
2256
2146
787
473
2039
878
1354
2489
1705
1154
2761
961
1444
3445
3763
2787
2546
3174
3902
1054
3179
767
410
2102
1654
698
413
2549
3976
1346
1138
1309
2604
2431
268
1180
3076
2321
3489
42
1101
2087
1565
990
2073
1163
723
1212
1396
2125
1919
3298
2109
1196
2926
460
2594
480
785
347
3965
3270
3703
2302
1928
2094
3494
1910
3895
1484
2884
3791
77
426
3443
35
3657
3398
2379
508
2391
1368
683
8
727
3633
2781
1602
359
499
3544
2274
322
3495
494
251
1190
1886
3904
581
2615
2981
2684
3732
2363
413
764
2360
3304
143
1041
538
1835
1146
1034
1033
915
2974
1923
2654
165
191
3986
3204
1558
2531
2073
1787
1480
1024
3467
3440
1421
1550
3433
2798
2795
2448
3831
1894
2243
3467
79
3282
65
712
765
3144
2049
210
3585
273
809
782
1591
3139
3976
3357
2679
2750
3819
889
325
451
3761
1686
842
3066
2984
784
1621
1526
1456
2473
1335
3887
1479
1067
336
3825
2338
2808
3912
1612
1825
2197
2484
2531
3898
2117
2722
2939
3896
2224
2944
3592
2239
3304
2255
806
1823
3928
170
2977
1518
3697
3616
2546
47
1595
2316
436
2091
1574
3488
297
525
1451
979
1839
3418
2696
2958
3444
1871
1367
663
630
2658
2796
2581
2724
1017
1105
2100
3986
2590
2971
2980
3709
3280
2726
2487
221
64
1828
3024
2021
2319
2892
3533
2749
571
3301
3069
383
3560
3661
1785
1710
87
2354
1116
3961
3448
1015
2288
3324
171
3272
2826
2586
2731
3933
405
3432
1208
930
1540
3595
1775
1232
133
2634
3201
2089
2299
638
805
2873
3628
1801
208
2148
833
1356
1945
2589
3952
1241
219
1249
1271
3684
556
1062
2028
291
1641
3305
1721
3450
3139
2612
370
49
2265
914
1276
2033
193
3623
3503
2304
1867
2674
1037
3150
1688
193
3833
1303
2170
902
2431
3080
3112
2595
313
526
3430
1999
2618
3178
1355
1170
2019
2343
188
3052
616
2349
44
1808
3449
1918
1780
1706
725
2454
3352
3077
861
125
3285
2231
3671
1351
3764
668
185
3524
24
365
3108
249
2012
1753
2659
686
1498
563
2741
1915
2814
3302
2242
1391
2336
1091
1336
2882
1312
270
1732
1675
3940
1647
2217
1414
2147
1583
849
2211
1650
2464
3953
1760
355
1783
3179
388
3338
2134
2425
2963
1888
3332
115
3185
2734
3256
3903
1961
760
271
210
846
3103
36
946
3640
104
3454
3553
1975
1389
492
3105
3085
891
1472
604
1604
2323
1708
744
3880
27
485
1214
2933
402
3810
2812
1422
1000
539
2671
3220
2419
1097
531
795
3531
1040
2024
123
229
1061
993
3340
1802
2595
2355
2560
3965
3696
952
3498
918
332
1731
3854
577
2669
1909
2600
2801
1109
736
3853
176
3957
275
1375
2379
2353
615
1487
2781
3291
2407
97
1109
24
1034
3003
2574
1082
3141
3586
749
1343
550
454
660
3539
3108
2059
1725
2748
2434
350
2264
3269
3829
2458
952
3708
3524
138
1898
1121
955
3862
3574
3872
153
2528
3871
3644
3261
3200
2754
1396
3720
1303
2097
2948
593
784
882
973
3417
3752
3158
2915
3495
558
622
3657
591
1706
155
1528
1358
119
3579
663
983
3002
3878
3216
10
2982
2122
670
2995
3699
15
1649
3145
1482
306
1125
551
2931
392
2567
744
2268
2010
2820
3213
3096
2730
3809
3315
1589
3483
1677
42
745
2339
1133
3574
643
456
3806
46
3532
3836
703
3803
1045
1523
1978
1598
9
3150
2287
1546
1013
1622
3405
3739
3988
938
2448
2031
2305
1369
2330
608
584
1831
2517
2901
3176
1424
2424
1083
3521
1260
2792
3692
2955
3130
2860
3422
2808
1548
442
2871
3519
584
722
122
1195
921
2826
1517
3125
728
3509
2994
3597
3299
367
3576
3606
2986
1197
3153
2867
1571
2885
3415
3548
1539
1496
405
901
2498
1685
1497
2548
2322
1734
1627
3790
2554
2016
1666
945
2351
1657
961
3590
1812
1988
2420
2917
2279
2809
1290
1607
799
3534
1065
3965
3218
2425
2269
638
1314
2348
2526
1823
1136
3340
760
343
1364
2701
2750
1477
984
1575
248
3328
1768
2672
2695
1541
3510
220
3456
534
152
1190
694
3454
1543
1333
2000
3257
3084
1855
2410
2166
2458
825
116
3333
981
457
3487
3102
1885
2621
2225
1282
562
1418
177
1773
472
2923
2186
576
3930
1481
2874
3262
3396
3526
341
780
3163
1647
508
2866
1856
3241
2779
2967
1087
3188
354
2775
259
1199
2226
2405
597
2386
2949
2341
2543
3691
1702
1860
3980
3695
1184
68
2184
2743
3078
3723
1674
318
3369
3534
3367
2640
2053
78
3359
3094
419
228
2583
1404
2456
83
404
2628
1209
3432
511
2779
1952
2375
3335
1225
3126
278
3190
376
2539
685
1383
2210
908
1670
2916
939
330
1978
1006
3784
2810
780
3426
3478
3968
660
2017
211
2074
984
1921
3223
2454
2672
2764
2411
2456
1634
3664
510
293
3844
468
3415
129
2710
2080
601
503
3128
2068
1341
3114
3936
1961
1048
3572
1559
1065
303
2240
3982
2333
2770
1866
3395
3360
1261
217
2212
3058
856
2690
3630
993
963
444
3103
1586
2652
266
2695
3616
941
1958
2584
755
3724
3890
3249
3129
642
3138
3519
515
997
1120
1032
1944
3294
3589
2320
3431
2455
3495
2034
1902
80
3469
173
507
1423
3690
3275
86
1842
3528
831
50
3165
3673
1544
3705
3075
2336
1166
3019
322
1699
2911
783
3478
270
3246
2708
903
2661
2638
2818
2407
1230
3224
300
430
2139
2239
1579
470
1891
546
2103
2260
1510
3989
2062
39
1052
706
3383
3589
1262
505
1845
3670
3171
2133
294
2751
1399
867
2920
393
3598
2770
2396
555
1317
66
3925
771
2017
967
1342
3077
2226
3522
3176
2593
124
3591
1620
1249
3242
2724
3316
514
379
3444
504
3895
2395
1506
810
3787
1861
2894
3296
1260
1364
881
977
1016
1547
2548
3660
1292
236
3523
2933
3025
587
3058
1859
1866
1666
836
1542
3226
3624
1164
269
149
146
1670
2722
573
1928
285
52
3470
2962
1521
3322
1791
1920
631
2794
2432
1066
2003
530
733
3429
1349
2739
847
154
1337
1893
3112
305
950
1533
3231
1285
328
2667
2572
3195
3659
1745
1314
2773
3089
511
2611
1000
3144
458
3954
2087
2906
1419
1568
521
2626
2836
3607
1738
3271
1051
374
2774
3841
1150
3307
1168
567
95
3931
1600
2766
2624
2398
2735
1744
3663
1569
701
3013
3074
3164
3092
2340
621
1601
1168
1242
791
2065
2411
9
3922
3619
1303
3441
3907
1058
1145
3947
288
805
181
1561
309
795
1991
1702
468
1429
1151
1691
565
1219
3650
2852
1397
3538
1698
1778
997
1753
3862
901
2824
2054
1223
1142
1997
3186
2058
3140
76
433
2437
1747
2956
1021
3578
331
1238
150
525
2766
1442
3780
388
994
3021
2067
3116
3389
2507
362
3135
2497
1204
3133
2937
1093
3977
282
2859
2056
3894
1826
86
2273
2111
2384
737
1690
2280
1348
471
1191
3792
2135
2400
572
3290
801
918
1389
1313
2775
3972
3609
2730
2396
2804
796
1179
3389
2404
3038
667
1529
1347
2443
3038
536
1023
2416
445
1877
417
3160
3221
942
2249
1115
2393
3134
1754
1528
3245
3776
766
1383
596
3893
1019
549
3191
2892
1562
2092
3021
75
1841
3571
3292
781
474
2296
3322
1689
3045
1179
2575
1509
2427
3360
1530
3587
226
3419
114
2698
1597
1566
2258
3928
972
3228
2860
1196
2734
2442
1658
3352
2026
1812
2754
753
3365
3440
1310
261
120
2922
2266
3675
2240
739
3757
1932
1878
1170
3377
2127
1648
1439
546
2486
1534
2421
3802
1619
842
857
1433
810
2931
1623
2562
1630
353
2924
3344
771
1086
3020
2089
3681
730
3712
835
1223
585
1140
2786
2723
516
2247
2655
3183
1853
2465
1002
2950
1488
2423
1748
191
3023
1910
2400
424
813
1302
1276
794
2123
3118
1333
2765
3567
3143
2081
868
732
1209
3057
2444
57
1873
3388
25
633
586
3532
3489
2112
2627
3834
3148
3921
835
212
3909
2382
3475
420
957
3566
2194
352
3505
894
2237
2526
3187
1058
3362
2997
2623
286
2392
3402
1668
1231
2952
287
1854
2139
1686
880
1895
137
3111
3124
71
1330
3177
3938
3885
3320
2024
829
2327
54
3277
3192
3209
2504
1108
22
2376
1676
1951
3513
3810
1297
1946
2368
1187
1434
931
927
3549
3545
1524
3566
1722
3891
373
1046
2410
1779
2280
3286
2441
3676
2821
3855
377
31
3236
1969
505
2596
1976
3609
2173
1373
3936
1652
3835
3816
3636
859
3461
3370
1005
2256
3325
1929
3486
3451
1927
2075
3375
811
3091
3543
722
3445
1204
1673
418
2292
1743
3964
3283
1026
535
1228
3583
2926
2956
2394
2642
2062
2968
856
569
3435
69
1986
3646
1765
12
2343
2228
2512
1095
3068
337
2951
3421
976
1195
1278
32
482
606
312
552
1456
3173
80
1767
3453
3725
287
1965
339
1988
2553
3026
3414
1453
407
3266
639
3683
3968
161
2986
2909
2001
3149
225
573
3775
959
2953
2809
418
2650
498
1618
1682
1911
3944
3875
3958
2105
233
2889
1320
2345
72
618
164
1695
3452
133
1178
3867
2287
2173
3674
2961
2141
3279
1136
1809
1957
3187
2246
3570
3315
3031
2106
3076
559
3313
258
1514
30
3627
3716
844
2050
3229
2887
1334
879
3701
70
3819
2527
781
1543
3250
2550
464
91
3029
3727
1556
2960
540
846
2532
2796
2728
2975
2299
3507
1139
762
3232
3983
826
1469
2504
3119
1077
2149
1248
395
2
1771
2461
1084
3507
655
1547
1717
2385
668
697
1849
3289
2369
469
78
3211
3500
1555
1639
2981
485
1090
2942
694
114
3746
3542
1182
2551
1715
2097
1947
1458
1055
1369
1417
3099
1693
2011
2923
3209
3381
3727
1948
925
3900
332
182
1097
815
2647
3944
3348
339
2155
2492
862
1608
1771
2479
1576
2580
414
3296
3501
1660
1947
2404
3173
3661
363
1332
3070
2866
1703
3426
1230
575
928
3831
3618
1997
208
831
764
392
1485
2156
3626
598
689
726
3330
1819
2178
822
3175
3915
2440
1836
936
2307
3104
380
1086
742
1352
641
2747
2794
1694
1011
1744
3930
1656
220
7
533
1096
1295
2955
223
729
1172
212
3479
1868
2245
841
2080
2301
1217
1803
3730
2086
700
1712
1401
3016
618
1174
3982
3799
3312
1848
1063
872
1262
1711
1974
3326
951
1832
2015
3596
34
1317
347
1294
3344
1243
1774
3850
1720
2370
2831
3932
2045
2636
79
800
1886
2120
1668
3251
543
2283
2597
427
2147
3918
1834
420
1211
1475
3693
1118
2438
2491
1581
63
1723
207
1950
1553
2594
2311
1710
260
693
2160
3971
1165
144
2308
224
2011
1037
1016
758
2115
2863
1436
1624
3882
2212
1376
419
3096
3488
2190
1459
3632
3767
1673
2389
1148
1937
1798
2189
549
1253
3472
713
640
888
1511
2552
1022
896
3595
820
2624
2933
1770
963
1116
1366
2257
356
1582
3942
1445
556
1905
1174
3791
622
3157
2902
1511
3686
3064
966
338
1781
817
3521
3101
1832
518
3707
3953
1624
3210
2767
62
2729
3250
1616
2886
1092
767
3169
2822
177
48
3762
1698
680
2719
1546
3147
712
494
209
2376
2002
2567
1466
2561
655
2801
1980
1470
1527
326
168
2110
3135
649
1876
2332
850
3582
296
3771
2653
3040
3527
837
2784
3130
1638
3846
1338
2262
737
1750
2765
3687
756
1242
77
3492
2516
3722
3123
1529
605
3242
3090
996
953
3826
735
2487
1680
1970
1110
1643
2317
1327
2752
3682
1075
1268
3889
3562
3338
131
2920
2511
1844
2903
932
2864
149
358
2725
3620
929
2767
2048
2188
606
3243
1042
1585
1303
925
3025
3804
2222
1597
3530
1131
1367
3468
1079
3037
588
2202
113
1401
455
2893
1809
1943
2403
2917
1226
1598
769
246
1935
2844
1353
1035
644
3281
3945
1104
1945
2466
1074
2652
3846
1306
2639
841
3734
3921
2954
3549
3203
3551
1975
282
2150
721
1087
692
1076
2227
2388
67
3721
2208
2681
3283
139
1415
2693
3637
2516
637
2815
2976
1837
1043
1589
3239
47
3390
2348
2325
2610
2578
3047
922
3969
832
2483
863
1274
2902
1950
2130
1253
1807
2659
1963
2030
3158
3443
99
2276
291
1637
1240
2660
1378
653
2693
2250
3533
2222
2276
3022
3733
3843
3861
819
3408
1455
1103
2025
2340
3529
1781
48
1508
3110
2980
1711
684
490
3555
1881
1434
1332
3528
2910
1218
3043
3625
893
2741
3929
3310
1910
3159
1008
2840
699
3108
1872
2483
314
627
307
3039
1292
3836
2613
3510
2932
1381
37
3860
321
2272
2656
340
3072
343
811
3917
768
1467
1734
2243
2183
2252
3400
3410
776
621
2056
2868
2418
2033
2362
912
2685
3207
2733
938
3819
3473
3995
798
2552
3497
1287
443
3647
3046
1287
2162
2954
3772
113
2559
3314
757
887
3177
184
3349
3771
1412
1739
371
613
2117
2583
239
1425
2539
3730
3658
280
2713
959
623
598
3665
1350
2262
2611
1264
656
2320
342
1056
1413
1285
2644
1943
2643
2738
1138
964
3830
769
1578
1863
2357
2090
3601
2003
257
1372
1958
1318
899
1330
3220
2108
3355
2494
2100
3998
3166
2462
3287
2680
3455
2382
3244
1745
1636
498
2940
1616
2216
3273
102
2668
1122
2468
38
629
1340
2488
2008
2286
3268
3171
2529
2198
3527
1995
3814
3652
2364
1617
1906
1959
3934
793
814
3281
3742
2272
242
2938
2966
3412
3865
2963
3619
1840
1006
1550
210
1659
2929
860
778
1381
609
412
935
2783
3742
3755
3011
3341
106
3369
3100
2353
157
3386
2700
553
3694
2683
2362
2894
3827
389
2066
1122
666
637
3399
80
578
2119
2464
1954
3418
901
3743
3506
3152
195
2887
3950
1953
3681
3450
3481
90
907
2540
919
1764
2031
894
2470
866
3856
233
629
2997
1496
800
3608
3866
2762
2616
1122
3373
2005
253
3413
1623
1450
3635
865
1912
2717
3696
657
431
3013
2623
2778
2505
527
429
1728
783
1586
3602
1795
2840
118
1111
138
1094
224
3793
1804
385
2085
3826
1468
3855
1342
1792
54
3203
1788
3134
2510
2264
2242
3969
17
1071
1022
3063
3200
3138
1407
437
3572
3474
318
2194
1465
421
1667
3908
2209
1259
1057
1906
529
2839
3561
2169
3932
3910
2358
592
3565
1149
2940
2657
587
1803
2293
3943
3692
1818
3354
3248
3184
3879
1248
909
3958
470
1977
1620
1664
1634
2895
1019
557
630
1072
3122
3901
1602
1323
194
2832
1831
2092
1574
3706
261
3670
1272
878
2790
2156
840
581
2514
3792
2563
415
2295
1386
3168
3218
284
978
2680
2225
2862
1278
428
930
1691
1078
2415
2468
3603
1537
3974
3585
1864
1467
3614
989
2716
2627
3485
720
300
1879
3401
23
2536
3442
3808
451
257
172
2077
742
2786
3233
1103
3371
2238
400
3807
1991
2785
3358
2841
3723
1762
351
3565
1119
2993
3262
3935
384
1379
1406
2257
800
2502
3573
2969
3219
1567
1375
554
3939
2229
2756
919
2605
1390
2439
2880
788
2820
3162
544
550
1578
3087
1683
82
3225
1502
2397
3092
623
3028
3951
1976
2524
1899
3081
1942
3796
3914
1900
2318
845
3110
256
2615
3324
3635
3858
56
1135
3390
1100
699
3039
3109
2434
1257
3216
3191
3452
1513
3568
1740
1173
3090
2867
489
1220
1827
1304
3169
1914
3656
888
1089
221
2518
167
626
1023
2999
212
2514
3382
1301
2013
3941
1002
3319
3471
2391
432
2535
3602
704
1719
35
2133
3685
1669
466
1510
284
827
1814
790
2063
2380
1904
1206
2041
3392
1892
3713
127
1569
1833
3353
128
2172
3149
1820
3141
2992
2175
260
2784
1054
3747
2686
2132
3566
1919
1588
3252
3725
543
2218
1663
1385
2204
1432
1302
1152
176
423
1110
3172
1800
3601
1060
1560
771
483
113
238
1517
751
2211
3417
2966
3648
1818
2749
2957
3142
3851
86
3796
59
1326
3334
3342
1619
408
2176
3102
2946
903
3137
2224
917
3634
2547
1594
2397
3702
741
2596
3535
2819
3413
982
3617
2774
883
65
1930
2828
3376
3441
2761
444
1311
1192
2972
3715
1591
1252
276
3728
3106
1448
1580
477
513
3027
2842
226
3307
3458
2127
615
537
714
3857
2290
1626
78
1926
974
2188
1750
3018
2032
2040
1726
3573
3479
2522
407
843
307
2861
103
896
3416
289
2288
3359
41
2480
3853
3844
162
1345
1450
1966
3402
756
281
1221
1599
1732
2527
1474
3208
3041
403
710
375
324
40
968
3717
3653
2290
10
2087
3570
833
761
2326
163
1329
3372
2574
3829
2947
3465
1704
1845
947
2412
2195
798
2772
2440
1737
2718
754
1541
3356
1256
3361
401
957
2771
2490
205
3030
1377
1565
59
2088
1600
1884
2852
3100
1648
3884
2446
1992
434
19
2086
2389
2171
2058
773
1188
2128
2667
2951
2476
1380
115
280
591
2186
2426
2347
3948
1852
563
2871
1503
1554
329
3219
2723
2083
1092
1799
3937
1717
3022
3546
3676
708
227
3984
1296
3366
2600
1255
658
2069
707
1222
25
1631
3884
2306
2374
88
3423
2277
1826
1114
2686
1155
3207
628
1642
2316
628
1275
2629
460
3698
3349
1614
1005
2177
1246
1937
868
286
669
992
3929
3879
3087
1716
271
197
3248
636
1183
2688
487
1374
3196
1725
3036
3642
3393
551
1445
2886
2118
2628
1402
2524
3246
2689
3047
2497
2777
1485
3629
1524
1113
425
815
1645
395
2493
2575
2684
858
3221
1626
1577
1072
3811
3604
3760
169
3509
731
2344
14
1638
863
752
2614
3870
324
1814
542
1676
632
1192
3486
1459
3868
90
449
188
902
282
2361
3462
1373
285
2791
1643
2174
3700
1681
2322
1737
394
1891
436
3433
1756
790
583
1532
3598
1748
345
292
1141
1935
2688
2303
3662
2072
2795
2123
1038
2807
2430
1907
2544
3470
1188
391
3918
166
3992
2988
2301
2953
3594
1360
599
2742
3699
96
1404
2689
3093
2177
788
1321
288
1759
3993
3636
2030
425
1177
2281
2052
700
648
2036
1060
3805
1011
1669
2144
310
3877
3391
1114
2837
3923
3588
3563
2183
707
52
3321
3854
2654
1887
2068
1787
377
29
906
675
227
3424
483
317
1821
3697
3327
2687
3491
1585
412
818
1478
3643
3547
2164
3608
2136
1694
3803
3563
1718
3797
315
2221
540
225
2898
243
467
583
1283
3820
1908
853
1224
2398
151
2436
3071
3153
3271
2350
327
648
2061
3578
3192
3408
67
3473
2643
659
3238
479
3197
3913
3580
3783
3080
2543
2244
3708
3001
2517
519
2323
1157
2022
3303
2805
1790
2132
3739
2433
195
3769
2818
30
3680
310
1501
3583
164
3033
1822
1102
3729
1344
2151
1504
3925
1733
189
2957
1051
1094
3224
2780
817
1535
1687
1855
1399
1957
568
2275
1898
475
1454
2174
3466
3532
1885
2459
3272
3794
2190
560
607
1810
3877
977
1070
1438
1443
3798
3119
3546
1570
2010
249
3255
1719
462
1000
1492
1827
3722
3437
786
2465
695
3297
3897
1836
3046
1696
3768
3301
2160
1709
1190
2111
2938
2573
2170
1424
3307
579
3932
2791
1603
3962
1777
2769
1052
1309
2384
2843
799
1956
230
2721
1402
947
290
2223
3795
3196
2788
246
3339
2543
890
2683
3382
1844
2711
2180
3346
3714
1516
3633
1420
2564
3649
2607
3436
3610
3310
228
1987
3054
3886
174
843
2829
1968
3374
733
861
2983
1921
2942
2557
1651
1509
752
575
641
2674
2457
2203
3672
2098
1311
2177
605
619
568
3155
3054
2313
1205
3577
650
203
1617
610
3197
661
1561
3404
609
2328
2995
309
2555
1487
2645
1493
3668
3599
3828
1193
211
383
2670
1133
482
2105
3649
867
3104
880
1971
676
1721
1402
3325
3404
3883
2220
1368
62
1047
751
2422
682
547
1463
1020
2360
235
776
3113
2813
3136
2838
3099
200
708
2298
2945
1703
2945
1911
974
2633
2475
459
2403
387
738
1391
3709
825
236
3542
2677
2638
1552
3320
980
984
3848
1967
735
3145
3821
2237
1897
2814
3194
1124
3259
2936
1265
2587
524
3770
2858
105
730
331
1682
1030
3288
3765
3394
1726
3679
18
3265
2927
2157
688
934
910
1112
665
1884
2705
709
1316
173
2280
1601
190
3556
2806
1451
398
2478
3278
2279
1727
937
674
3368
3059
1264
3372
1870
1384
582
2055
1852
2273
995
1815
1182
2825
2381
916
536
3250
3132
1144
452
3481
3078
2616
461
2881
1178
3049
2368
355
1417
3666
3654
3753
732
1746
21
1355
2968
2006
3550
97
316
274
1783
1267
1936
376
340
233
3480
2890
3584
1551
3750
3257
3773
1868
958
1801
1044
3241
2361
1091
1971
1735
2352
2035
3863
2719
2269
3455
3193
970
3499
2918
1828
3759
1233
3894
4
2576
2570
3462
26
2300
201
1484
1835
416
3615
3552
1773
2863
1411
2074
3774
1359
1428
1270
3785
1393
2884
2999
1593
183
1270
1340
2985
3317
1460
3181
2830
2094
3575
2075
3900
1162
1927
1859
1916
1841
3733
703
2895
2267
884
3843
1649
2338
94
1879
3623
3058
3871
253
2121
611
1158
3406
3095
1656
2565
3618
1653
1170
1240
935
804
692
3365
3337
1269
2505
1166
1560
1473
174
160
3383
1198
1811
2367
1805
1590
1846
3937
28
3109
1614
2055
923
600
19
990
1655
261
1967
1328
3306
2885
1171
2179
659
1985
602
3973
661
962
3436
1263
401
696
1590
1405
1281
5
2115
491
696
1639
616
1077
2720
1427
106
3767
3083
1904
1833
2617
488
2474
1864
3117
1994
2460
1449
3106
43
378
3259
3300
1760
2979
3592
2499
1747
1521
647
2138
3410
3429
1149
2936
1411
885
2648
886
1878
1610
1763
3806
82
2878
3882
942
1785
3089
933
3378
1683
141
2752
3081
218
1392
2718
1896
3916
594
2113
2154
131
29
2082
1285
911
372
1895
2049
3202
3226
3280
192
2702
3933
3520
3235
510
179
385
3059
3026
1357
166
1048
3375
976
2753
1236
2067
1508
112
3777
3951
1575
239
3258
3870
3600
3997
3994
1081
3935
1131
3098
3876
3347
244
3807
1621
1180
197
3721
3962
3468
1412
690
1049
1403
2591
1779
3967
1088
2882
717
2566
3357
3364
1255
1146
1913
1056
853
2637
3717
3512
3359
1907
2207
1941
1655
2559
3195
495
3162
1117
2727
779
1799
1262
3560
3511
267
2608
18
161
1107
3451
2632
1075
772
943
46
3273
844
1350
3869
1959
1053
1479
348
2243
1922
463
1816
393
1206
1925
3345
1093
1183
108
3335
2972
437
2278
1736
2158
1630
768
3790
2197
2088
182
1876
626
3189
1739
1043
3774
3591
450
736
2002
2570
2114
1193
3487
1788
614
3420
531
2084
2120
1982
312
346
2235
2720
743
3393
3715
496
2563
577
2065
336
2498
1199
2355
2217
2098
858
1736
2039
891
510
1394
559
1743
3815
1488
2146
2278
748
1938
2599
398
1501
259
1564
3299
290
2283
3737
51
1536
851
1159
2383
327
2854
3285
3768
2959
3309
2588
1400
294
3612
2898
2377
979
2887
1631
2833
969
720
3852
1865
3675
2108
2890
1839
371
2715
2649
2029
3053
2215
2897
3569
2998
428
1387
521
2268
1972
980
1665
2696
3291
2341
3350
1786
145
3064
3939
670
2406
3371
301
1345
1654
1863
3123
1960
1308
1453
727
2520
1932
1208
1266
335
2329
900
187
1643
2558
570
1483
1834
22
2986
2314
3751
150
2023
304
971
1934
60
1365
1629
2307
1288
2130
3264
1465
2041
538
1197
633
3860
268
2525
1053
3780
1632
3955
1235
2919
638
1372
490
3279
3614
2879
1679
66
3571
3946
646
3205
1675
3337
2050
859
441
1455
3897
793
3390
2462
1329
688
136
3702
346
710
160
3188
1267
612
991
773
3036
932
721
1770
1933
2066
666
2138
2660
3244
364
3667
1045
693
812
677
2797
1464
2996
1538
1948
3305
2312
2249
2777
2198
3245
1993
3411
3233
3985
1512
292
2334
3240
2
2664
2044
2496
3330
2806
3673
296
3167
3427
222
3989
1533
1492
2219
702
3994
3423
2028
2254
74
11
2413
3502
2259
1073
3264
3985
1324
886
850
3758
682
2845
2395
2187
2213
1860
374
3949
916
3341
3541
2619
1015
2539
2414
2783
1004
3671
995
3926
2663
3374
1032
2202
791
2706
824
2285
1794
3194
1865
2144
2371
797
2771
3701
2537
746
448
122
53
738
1226
2768
3201
3599
2129
304
3562
2518
1504
2425
813
3313
1652
2687
128
2439
2975
2097
1408
3204
2015
1625
2012
506
3525
928
2305
2446
2545
2592
3689
1776
1708
1293
3917
1940
2873
3412
2585
1429
431
3837
3960
2601
1125
3817
479
3582
1729
2925
662
3403
3919
186
2445
2898
2230
944
417
2401
1437
1173
2091
645
3795
778
2084
3354
2027
1301
588
1796
194
183
222
1410
1518
1570
828
2614
1207
1838
3988
1175
1269
965
1473
2131
2946
567
814
522
590
1709
2891
1104
2835
139
2637
2463
443
101
3084
3878
2324
111
3062
715
62
1200
2042
247
2621
1939
746
484
986
2666
763
2856
1098
897
1046
725
1515
2492
8
3384
2708
2519
1360
2312
215
3590
635
2976
3553
2134
2653
933
3000
3975
1807
2537
278
971
3060
2699
2459
2327
98
2829
123
3283
3695
1857
3120
3559
2300
3206
685
3773
3434
1973
1924
3525
3116
3460
2032
2467
3916
649
929
1723
2060
3639
2510
691
2383
1393
940
921
539
3483
26
3540
1319
2345
1304
2993
2557
652
165
2697
171
3683
3605
2590
3639
3317
2949
2194
1962
2022
397
1254
2441
3966
3156
1191
3620
838
3911
111
1522
2745
3097
1730
2381
2081
12
845
1883
2816
3517
3781
1025
204
1995
2835
323
3813
2423
3260
3140
1500
3091
864
198
3336
2626
3979
1778
3079
911
3314
3515
3537
3282
301
759
533
1297
2321
3930
2438
1505
3543
2324
306
3961
2553
624
2061
3198
664
985
2692
3932
50
1232
3663
2069
2020
3946
2093
3975
2162
2096
1810
3630
2509
2007
3056
2817
1697
2533
585
3955
1113
2773
3704
1713
3755
671
587
3518
2236
3659
2374
1189
3581
2453
132
3665
2709
765
461
2275
1916
3863
2103
3840
2210
2044
517
438
3261
3154
3367
397
1305
3631
3414
1494
3223
100
3849
2185
3947
1245
1202
3523
2335
2899
3912
3903
216
2541
3873
1816
927
3868
2293
335
1554
3501
2633
172
3797
884
2811
2041
1795
1581
2906
632
107
3363
745
3101
592
672
3842
1651
3288
2029
2424
245
433
367
932
1684
2435
3760
3218
1273
967
1922
3888
2216
1562
913
2793
2789
297
1606
2168
1198
1471
2918
2052
2433
105
2888
674
1111
1089
881
1410
3029
3781
273
2267
1889
3514
61
1740
1730
214
2230
3067
350
954
1563
992
3127
2485
1934
3541
3775
2677
72
820
2890
356
3814
951
3086
446
1261
3227
607
705
2928
2236
754
2594
2038
3086
704
459
796
1050
3621
1057
3180
1067
654
3222
2515
1979
1153
3537
2053
223
3004
2651
595
3034
289
202
1987
2520
2378
1233
650
2137
1389
2286
829
1143
189
960
1506
755
3817
2503
1782
2150
2861
2629
2503
475
804
920
453
1319
2282
3689
84
1353
1363
2317
3789
1435
396
1134
1437
547
442
2905
1452
3298
3898
1079
1804
2670
1704
636
1348
1123
3991
3913
2759
3472
2244
3640
200
323
2992
797
2331
360
2673
988
1519
2642
1044
2099
1687
283
1849
3536
1307
1212
142
3088
1374
2979
391
1128
2296
1246
1108
2888
2372
1678
552
3922
926
3458
2961
16
3126
717
3842
33
1483
1889
1156
1128
421
3508
2428
1968
653
1017
785
2364
1923
2159
1460
2295
2737
719
2393
2922
3403
16
1535
1731
975
3934
2712
2083
1462
56
2691
3438
2551
2965
2280
3564
3883
1903
2726
509
3744
1439
571
1252
3615
2450
3137
3375
3439
672
3266
714
3211
382
1321
3557
3949
2824
3597
302
2560
1454
1433
2470
770
889
2776
2248
2558
2714
1422
3874
1379
2409
2154
3847
1218
3184
887
3693
1409
2308
3798
3754
1539
3459
821
1239
3761
242
43
2763
2412
2457
569
1777
2609
905
2294
3997
1320
1049
1416
2059
2668
2007
3142
3848
3662
2354
2839
3508
753
3076
1899
2314
1765
1388
178
966
11
673
1129
3794
3031
2450
1106
3966
1272
832
3764
81
2753
1913
2593
352
3586
1041
342
1690
2252
869
3745
1755
2755
2965
3362
1211
2572
910
2969
1540
2847
599
1883
2728
143
2477
3052
3551
